   47.00   13.00   12.10   25.00   30.00   18.55
   34.00   16.00   16.40   29.00   25.00   22.70
   21.00    9.00   12.90   30.00   15.00   21.45
   38.00   11.00    6.20   17.00   24.50   11.60
   38.00   23.00   13.10   26.00   30.50   19.55
   23.00   11.00   12.30   25.00   17.00   18.65
   38.00   12.00   13.20   20.00   25.00   16.60
   41.00   23.00   17.20   40.00   32.00   28.60
   52.00   26.00    7.40   23.00   39.00   15.20
   66.00   31.00    4.90   15.00   48.50    9.95
   74.00   38.00   10.90   40.00   56.00   25.45
   61.00   34.00   10.70   30.00   47.50   20.35
   34.00   20.00   21.60   33.00   27.00   27.30
   27.00   13.00   10.90   21.00   20.00   15.95
   36.00   12.00    6.30   13.00   24.00    9.65
   50.00   19.00   18.10   29.00   34.50   23.55
   47.00   27.00   15.80   33.00   37.00   24.40
   56.00   28.00   16.00   35.00   42.00   25.50
   59.00   27.00   11.50   26.00   43.00   18.75
   57.00   33.00   15.00   29.00   45.00   22.00
   55.00   36.00   14.60   25.00   45.50   19.80
   67.00   30.00    4.90   13.00   48.50    8.95
   66.00   36.00   15.30   43.00   51.00   29.15
   50.00   28.00   18.80   37.00   39.00   27.90
   77.00   23.00   11.00   28.00   50.00   19.50
   64.00   37.00   13.80   31.00   50.50   22.40
   69.00   34.00    9.70   23.00   51.50   16.35
   72.00   31.00   17.30   31.00   51.50   24.15
   82.00   50.00   17.10   36.00   66.00   26.55
   61.00   43.00   19.00   31.00   52.00   25.00
