186
109
64
200
241
37
125
247
66
92
286
269
21
258
99
166
204
250
67
157
56
154
103
60
256
56
176
164
136
117
61
114
201
58
11
114
52
212
258
34
163
70
167
101
201
61
141
159
210
41
296
88
99
94
75
120
187
203
88
212
120
158
166
227
215
157
70
188
288
48
199
28
123
46
94
126
224
30
149
54
277
45
104
156
143
24
60
22
293
222
114
67
3
253
209
34
232
194
200
260
274
172
267
61
107
123
167
276
297
208
282
230
166
237
168
270
63
95
257
185
171
105
125
86
27
74
176
37
106
156
154
277
275
231
120
221
111
290
228
80
15
107
274
244
3
8
177
25
73
237
292
183
148
262
273
249
37
15
114
20
202
274
118
277
258
121
221
61
74
198
79
56
115
112
33
187
171
131
194
193
58
148
28
50
161
297
80
284
189
7
189
228
37
295
197
250
109
259
162
204
254
76
235
147
286
249
243
281
146
38
146
195
90
51
148
41
293
103
200
223
8
166
170
217
122
22
222
91
51
147
257
213
168
182
72
112
298
267
36
205
158
148
130
261
73
153
90
117
24
32
68
135
61
41
127
97
121
31
273
93
52
227
272
233
293
36
190
168
293
71
214
149
172
129
31
68
60
182
153
149
134
60
173
64
15
212
120
154
182
280
275
229
4
174
20
166
83
1
26
268
69
215
3
294
227
185
135
51
247
11
174
202
95
92
23
84
86
18
293
26
16
8
40
81
282
147
147
66
205
97
236
163
162
197
145
48
274
266
16
28
238
215
134
6
276
128
8
227
44
295
74
154
112
23
100
258
218
20
298
40
122
167
101
256
6
62
94
45
282
9
276
222
275
89
85
278
102
7
275
272
227
286
198
63
28
79
141
243
47
208
167
67
112
121
27
166
42
262
222
197
41
83
61
296
275
7
201
154
294
5
144
190
80
299
97
1
97
14
234
137
173
281
154
3
46
121
34
53
296
174
32
239
173
299
282
231
182
96
232
195
223
154
172
125
106
141
93
118
0
55
231
128
64
90
36
282
84
146
141
203
236
48
3
204
47
251
75
102
262
253
83
25
186
36
76
249
163
31
136
180
285
167
13
141
4
280
79
298
102
76
146
85
275
162
176
238
207
200
240
28
299
294
46
243
214
75
229
229
23
3
204
300
266
39
27
118
76
35
245
261
95
291
90
101
206
284
53
253
284
185
176
204
9
161
237
38
215
8
80
270
163
269
19
94
268
100
228
22
136
282
280
144
295
212
11
101
84
214
249
62
285
206
238
170
111
75
96
55
84
189
295
216
33
96
193
107
11
66
182
179
223
72
110
165
164
150
269
221
94
52
104
114
39
201
94
293
48
295
274
39
14
21
165
173
224
245
81
287
200
2
116
75
17
6
6
138
214
200
280
100
251
113
43
268
55
47
163
239
8
272
215
157
30
108
93
27
203
297
256
43
171
298
144
26
80
275
221
128
205
291
10
33
166
42
208
159
38
135
98
10
288
105
25
132
89
51
13
233
176
107
265
120
228
57
31
139
143
102
285
9
22
140
201
145
108
217
195
234
175
214
55
43
261
275
64
294
195
51
153
116
63
33
173
265
11
232
55
110
244
139
99
75
79
175
239
188
185
59
227
125
190
122
293
182
194
179
74
112
260
234
116
297
292
84
226
233
284
179
147
251
266
120
257
97
31
68
83
48
265
99
30
128
100
214
15
106
130
208
262
158
221
42
171
114
93
123
164
117
71
158
75
208
54
294
96
69
72
8
76
135
76
34
3
142
190
273
291
274
107
73
263
286
109
151
217
216
1
206
142
282
41
268
273
228
64
243
143
221
75
16
192
76
46
154
186
74
47
108
21
214
198
247
198
41
149
236
133
148
92
94
31
268
284
31
121
161
286
87
203
45
50
76
147
216
37
101
99
85
211
271
245
279
2
286
1
136
74
258
84
124
163
194
119
36
214
240
56
220
117
147
230
187
163
260
59
286
165
169
121
288
243
227
131
45
291
229
46
56
101
240
127
253
95
124
237
204
102
39
9
293
297
158
269
240
279
136
124
275
118
179
149
22
174
55
291
35
118
219
42
269
183
42
8
277
179
39
248
217
7
56
199
195
253
231
245
259
199
297
34
79
209
179
209
148
180
116
221
229
148
133
220
122
62
148
79
208
222
296
21
276
68
19
292
23
68
205
224
228
260
35
9
184
214
192
27
62
131
298
131
67
253
71
56
244
49
46
53
208
79
55
161
283
96
122
134
43
63
12
251
37
