1699
2581
2356
2276
1457
2793
1760
3483
2355
2119
1544
2155
1497
3406
2670
2863
2893
2685
2063
1573
2103
1841
1666
1888
1063
2252
1881
1358
3198
3355
3313
2738
1338
1241
1468
3120
1271
2101
2075
2061
1451
1483
2871
2433
3271
1434
3499
1087
2047
2914
1178
1368
1090
1810
2770
2914
2624
1064
3281
3182
2545
1934
2485
2827
2581
2785
1187
1655
3439
1558
2963
1863
1684
1855
2219
2639
2618
2958
1032
1350
2549
1724
2363
2771
1815
3482
1480
2005
2103
1033
1652
3185
1666
1913
2647
2786
3449
1558
3496
1015
3029
1711
2328
1818
2051
2278
1165
1372
3404
1784
1284
1613
2802
1852
1054
3306
1279
1086
1314
2037
2682
1315
2044
1599
3267
3472
2055
3415
2024
3328
3346
1319
2854
1338
1966
1988
1678
2165
3424
3444
1815
3206
3230
3009
2992
3263
1608
3205
1093
1203
2332
2246
1637
1690
1492
2681
2787
1362
2158
1960
3297
1111
1500
2002
1576
3236
1208
1234
2323
2807
1805
3456
2189
2199
1258
3148
2273
2253
1630
2263
1344
2069
2779
3017
3435
2505
2063
2515
1194
2129
3351
1583
3329
2386
2891
3346
3464
3467
1187
3069
1311
3414
1681
3176
3394
1107
2999
3147
2988
1701
1952
1552
2878
1561
1438
1475
2375
1275
1346
1922
2978
2916
2318
1638
2901
1344
2246
1750
1415
2765
2566
2993
1965
3464
1595
3313
2836
1546
3486
1635
3255
2639
3026
2017
3317
1520
1669
2805
1218
2592
1930
2539
2870
2599
1951
1602
1917
2770
1703
2262
2054
1004
2627
1366
3120
1991
2445
1307
1645
1936
1188
1702
2096
1424
1445
2748
1180
1426
1234
1305
2097
1299
2934
3469
1981
1061
2130
1096
2789
1356
3034
2563
1020
3378
1503
2389
1696
3245
2389
3352
2357
2020
2998
3152
2957
2940
1322
1060
3456
1065
2524
3250
1322
2446
2643
2073
2427
1155
2650
2099
2145
2347
2720
2165
3266
1893
2282
3368
1184
1617
1470
3006
2560
2303
2315
1877
1700
2833
2548
2434
2403
1810
2787
2323
3098
2766
3337
1281
1586
2612
2944
2742
3441
2946
3011
2915
1854
3347
3333
1501
1087
1290
1677
2125
3377
2314
1368
3270
1203
3175
1049
2437
3125
1232
2778
2715
2491
2191
1660
2468
2943
1117
2094
1644
1994
1805
1296
1901
1481
1862
3434
2911
1682
2042
2900
1215
1726
2807
1429
1718
3053
1831
1017
1443
2105
2034
1724
3004
1933
2421
3075
1445
1819
2653
2033
3166
1058
2481
2659
2851
1556
1264
1472
2771
2842
1270
3372
1436
3305
1565
1939
2357
2408
2979
3296
1990
3088
2883
1164
2864
2989
2455
1081
1696
2248
2555
1439
1089
2074
1052
2055
1136
1132
1394
2672
1745
3386
2693
2460
3483
2579
2735
2783
3009
1321
3275
1532
2234
2874
1715
3327
2456
3019
2625
3168
3364
1329
2855
1687
1643
1605
2306
1656
3326
1968
2030
3346
2460
2722
3399
2725
3111
2266
2381
1926
2190
2204
1241
2331
2603
3324
3482
2037
2432
2385
1738
1219
2665
2195
1127
2956
2446
2930
2570
1838
1046
1353
2321
3264
1570
2856
2182
3466
1757
1139
2535
2305
2071
1710
1330
1114
2795
1166
3453
2551
2038
3380
1921
1311
2895
2977
2767
1687
1409
3155
2211
2268
2355
2402
1971
1561
3357
2476
1864
2837
1577
1212
1710
3447
1766
2874
3303
2256
3062
2123
3254
3174
2049
1405
1663
2666
1172
1026
3326
3285
3477
1964
1901
3275
2809
3414
1771
2409
2035
3445
1625
2454
2637
1265
1917
2158
2625
1984
1086
2892
2869
2338
1374
3065
2788
3465
1784
2398
1221
2821
1836
1160
1686
1389
2802
1367
2761
2579
2213
3474
1885
2170
3064
3169
1995
1735
2774
1811
2241
1982
1732
2043
3100
2174
1349
2964
1061
2117
2180
1662
2000
3300
1671
1685
3018
3151
2698
3154
2146
2464
2209
1178
1317
3107
2808
2820
1397
1523
1203
1541
1073
2732
3161
2835
2295
2621
2735
2643
2114
3432
3161
2840
2840
3495
3474
1584
2595
1942
1300
1602
2075
3189
1889
3189
2928
1469
3309
1294
1405
2334
2529
1612
1284
2622
1290
1087
1935
1977
1245
3292
3165
1783
1751
1078
2770
1385
3292
1864
2658
3436
2017
1441
2923
3127
3081
1901
1798
2400
2420
2620
3353
1643
2049
1993
2624
1422
3378
2361
2605
1498
1769
2318
2047
1097
1257
1012
2469
2496
3265
1390
1895
1311
2944
3396
1048
3022
3408
1566
1623
1494
1277
1071
1629
2268
1280
1136
3440
2977
3294
1885
1332
1020
1246
2965
2748
1762
2815
2184
2554
3097
2295
2760
1282
2383
2642
1859
2048
2471
2868
3198
2708
2430
2589
1852
2886
1620
1106
1176
1422
2242
1976
1601
1609
3477
3099
2207
3454
2581
2116
1547
2703
1216
1387
3361
2979
2402
1883
3020
1555
1556
3107
1781
3280
2981
2264
3223
3003
3102
1637
1797
1023
2190
3481
3378
3172
2883
2537
3121
3236
3295
2826
1774
3232
1038
3073
2307
2259
1666
2247
1453
1660
3376
1291
1995
3137
1363
2201
1250
1535
1570
1688
2606
2480
2035
2922
1501
2416
1482
2014
1692
1802
2482
1829
2840
1997
2474
1134
2885
1545
1724
3496
3032
1440
1385
3097
3332
2194
2525
2253
1711
2750
1923
1201
2491
2519
1839
3408
2833
1674
1427
3411
2788
1899
2533
2828
2410
3320
2602
2595
2732
3072
3429
1816
2211
3018
2512
3430
3218
3209
2891
1711
2286
1576
2184
1423
1689
3357
2674
1592
2387
2448
3199
1294
1227
1736
3067
2968
1777
1287
2910
1181
1438
1026
1624
3002
2712
2326
2036
1431
1997
1701
1322
2627
2754
1118
3002
1982
2284
2775
2784
1156
2476
2089
1428
1951
2494
1042
1308
2514
2200
2618
2659
3085
1230
2940
3303
3235
2326
2620
1496
2370
3477
2518
1499
1673
1077
2446
1330
1277
2336
2106
1373
3064
1203
1708
1200
1967
1202
2443
1840
1219
1210
2532
2957
1151
1441
3077
2093
1245
1813
2345
2222
1606
2602
3132
2057
1913
2068
3145
2379
1743
3412
1173
2078
2192
2466
1126
3033
1781
1924
3050
2305
1576
2520
2518
2222
1232
2836
1911
2584
3420
2198
3445
3333
1119
2248
1490
1119
3238
2713
2668
2256
2775
2119
2223
2968
1062
2938
1722
1773
1089
2892
2778
3424
2138
3150
1489
3100
1668
1235
2770
2466
1531
2116
1993
1068
2861
3370
1351
2551
2400
1521
2279
1432
2056
1487
2737
2489
3373
1879
2654
1741
1233
2126
1034
2020
2069
1074
2294
2953
1040
1330
2595
1817
3321
1360
1919
2173
2409
2555
2130
2503
1792
2979
3291
2979
1369
1966
1732
2518
1368
3086
3449
3481
3468
2679
2741
1534
1358
2101
3258
1790
1183
3056
3425
3250
1254
3099
2849
3386
1191
2090
1306
3099
3046
1648
1829
1284
3473
2260
2958
2773
3079
2199
1437
2782
1594
1421
1942
2817
2782
1737
2859
2375
1715
1529
1455
1583
2245
1848
1949
1870
1441
1621
2059
3014
2593
2769
2650
2339
2759
1204
3016
1186
1152
1616
1909
2526
1101
1801
2612
1023
1014
2812
2002
1578
1732
3453
1332
2330
1276
2973
1514
1163
3068
2133
1425
2453
1036
2870
1147
1573
1769
3265
1916
2425
2975
1827
3039
1219
1590
3116
2278
2415
3076
2864
1127
2243
1003
1509
1194
3179
1703
2428
2319
2902
1738
1234
1696
3417
3155
1574
3177
2164
2459
1472
1563
2132
3432
3261
2520
2431
1223
2627
3485
2290
2760
1734
1562
1326
1381
2949
1620
2336
3204
2110
2766
1448
1299
2299
3414
3322
2175
2788
1954
1315
3247
1979
1906
2805
2489
1553
2290
2370
2391
2344
2120
2543
1094
3452
2801
2551
2633
2949
3478
2354
1392
3266
2601
1706
1101
1357
2224
3000
2922
2768
2863
1595
3391
2622
3474
3111
2861
3388
1865
1095
2746
2154
1104
3109
2393
2100
3209
3437
3335
1910
3377
2660
3500
1190
1752
2654
1984
3019
2507
1595
1091
1737
3207
2745
2320
3396
2909
3411
2712
1397
2116
2746
1015
2045
2253
2035
1443
1146
2594
2698
3280
1195
3351
1568
3439
1384
3268
1722
1819
1742
3177
2637
2406
3389
2272
2162
2549
3011
2020
1359
1192
1016
3054
1168
1778
3088
3044
2000
2636
1447
3218
1882
1723
1591
3108
1876
1833
1622
2320
1024
2611
3393
1404
1038
2092
2344
2629
2252
2083
2281
1362
2955
3290
1444
1944
3158
1897
1359
1755
3031
2723
3008
3183
2230
2292
2088
2355
2843
1757
3413
2760
2496
2946
1218
1860
2710
1275
2866
2750
3424
1598
2871
1027
2601
2691
3495
2185
2078
1179
2805
2315
2641
2173
1679
1721
1330
1596
2644
1156
2254
2313
3500
1201
1699
1370
2727
1170
1657
2384
1632
2099
2336
1414
2626
2053
1181
1511
2511
3190
1337
2628
1310
3055
2000
1269
3470
3292
3297
1802
2383
1068
3398
1583
3093
1492
3097
1464
2462
1604
2137
1270
1231
1532
1069
1788
1429
1788
1169
1704
2062
2420
1216
2385
2707
3114
2163
1993
2868
1677
2454
1274
2942
2226
2897
1926
3332
3357
1324
2632
3107
2939
1543
1572
3306
1095
2055
1578
2131
3457
1383
1432
2128
2134
3126
2965
1315
2058
1973
1693
1106
1403
2691
2539
1787
1940
1707
1173
2574
2429
2097
2353
3316
3324
1154
1330
2876
2435
3270
3370
2607
1592
1746
3327
1088
1574
1571
2108
2485
1716
1554
1474
1788
2051
3004
2917
1364
1829
2645
1652
1278
1670
1580
3471
1631
1066
3452
3390
1100
1244
2391
2403
1024
3267
1989
1523
3350
3050
2621
3483
2978
2654
1515
1189
2414
3110
2154
1846
2942
2883
3183
2338
3482
3459
2626
3161
2662
1733
2256
1933
1347
1285
1921
3388
3486
2083
3497
1201
3356
2163
1376
2287
1721
3137
2507
2210
2777
1361
2270
3399
2112
3058
3276
1943
2257
3067
2543
3261
2630
2190
1741
1246
3390
3355
2125
2870
1632
2262
2941
1378
3064
2099
3123
2504
1621
1086
1016
1064
1576
1394
2143
1709
1425
1721
1260
1013
1589
3035
3031
2421
1651
2251
1802
3103
2722
1068
2375
3049
2598
1390
3213
3233
1970
1880
1733
2966
2636
2538
1068
1871
1167
1200
2085
1029
3301
2575
1546
3393
2072
2781
2544
2488
1655
2717
2795
1973
3005
2112
1149
2455
1816
1444
2640
2691
1244
1845
2479
1413
2541
1591
2658
2831
2697
2401
2203
2668
2273
3169
1962
2113
1084
1651
1502
3421
2561
2687
3376
2696
3387
2412
2454
2825
2304
2069
2566
2838
1089
1903
1388
1737
2815
2130
1704
3148
1567
2644
2552
1601
2641
2710
2157
2143
1058
2835
1347
2757
3115
2607
2478
1470
3199
1877
1230
3281
2841
3248
2128
1541
2701
1283
1943
1054
3002
2675
2747
1682
1545
2972
2401
2565
2911
1297
3232
3312
1949
2555
2158
2342
2695
1457
3412
2861
1124
1428
2419
2546
1834
1544
2129
1027
1978
1158
3156
1325
1070
1381
1485
1456
3398
1791
2789
2174
1718
1516
1548
1488
1286
1353
1603
2627
2444
2497
2375
3105
1088
1064
2858
1924
2318
1791
2974
1805
2366
3391
3048
1986
3202
3196
2401
2611
2753
2177
1568
2268
1475
2399
3322
3329
1421
3215
1420
2376
3224
1189
2900
3486
1497
3406
3404
2159
1063
2460
2891
1183
1318
2930
1583
2210
2685
3053
1482
2883
1386
2198
2384
3437
3052
3477
1178
3330
1290
2734
2386
2779
1700
2864
1480
2656
1772
2526
2742
3056
3265
1829
2366
2246
2265
3269
1004
1133
1289
1793
1860
1583
2156
2573
2367
1251
2352
3155
1853
2189
1291
2703
2251
2783
2969
2726
2071
1692
3245
2181
2028
1255
3100
1801
3254
2363
2307
3068
2126
1332
3178
1487
1352
1647
2205
1069
3172
1266
2787
1208
1278
1553
1947
2157
3115
1392
1017
2396
1649
2767
2709
2345
1861
1633
2835
2724
2195
3042
2339
1429
1496
1497
2297
1493
1114
3235
2744
1244
1294
2910
3461
1217
2493
1833
2752
2873
2001
3467
3490
1311
2388
3012
2063
1364
3319
3115
2543
2146
1559
3313
1219
3358
3353
2209
1173
3231
2117
2995
1102
2572
1224
1231
2495
1693
1220
3086
2829
1865
2011
1848
3005
1911
1231
3012
3169
1738
1077
3234
1879
1808
3120
3255
2217
1204
2650
2682
3170
1390
2197
2715
1070
2944
2259
1230
2177
1562
2879
2424
1202
3316
3031
1461
1274
1978
2666
2349
2748
2981
1225
2746
1942
1297
3418
1258
1664
2623
2895
2342
1085
3037
2374
1756
3234
2424
3434
2827
1860
1307
2544
1526
1791
2691
1138
1873
3398
3277
1685
3097
2689
1448
3208
1044
2616
2160
2219
2064
3086
3093
3103
2448
2218
1798
1222
1922
1243
2640
3434
3205
1376
2736
2297
3134
1241
2206
1885
1396
2595
1197
2803
2212
2229
2974
2071
2796
2850
1070
1533
1512
1898
2302
2964
2674
2479
2957
1952
2246
2924
2640
2954
2272
2518
2607
2564
3149
2948
2536
1195
1204
2817
2582
3481
2958
2419
2729
1690
2065
2352
1896
3190
1008
2766
1822
1716
2858
1311
2459
2364
1522
1495
1089
3267
2992
3360
1065
2200
1876
3459
3440
1964
3367
1325
1011
2754
1892
2618
3276
1651
2912
2035
3391
2896
1295
2854
1975
1280
1838
3084
1761
1596
2181
1592
1293
1644
1704
1012
2651
1976
3041
2618
2397
1882
3215
2509
2812
1457
1865
1392
1937
3014
1069
1407
3241
1963
2256
2203
2343
1220
1192
1884
1490
2834
1867
3385
2329
2028
2643
2711
2934
3216
2919
1581
1123
3073
2010
1730
1891
2829
2832
1588
1674
2590
1282
1630
1339
1673
1453
1586
1056
2288
2020
1649
2727
3407
1985
2692
1578
2587
2164
1558
1424
3100
2454
3402
2219
2292
2672
1278
2241
2161
1949
2628
2630
1706
1749
1020
2429
3296
3425
3144
3123
1858
2891
1709
2321
2785
1785
2471
2880
3357
2836
1323
3292
1100
3179
2229
1493
3168
2267
3044
3044
2809
3470
1844
3215
1771
3427
1265
2298
1509
1821
2352
2278
2475
1172
2955
2235
2106
1805
1583
3051
2215
2716
1714
3287
3364
3130
3055
2077
2134
2370
2389
3059
2767
3103
2063
1374
1345
1495
2993
1756
2381
2503
3150
2347
3165
3142
1163
1862
1737
1841
2512
1301
3238
1700
3315
2286
3456
1276
1741
2593
2968
2197
2331
2154
1074
2174
1586
1623
1691
1923
1350
2486
1686
1633
2311
3290
3378
3412
2969
2121
2889
1518
2365
3115
2718
2343
2311
2839
2678
2671
1990
3427
1902
2750
2522
2721
3020
1757
2820
1816
2599
1876
1958
1616
1596
2869
1809
2618
1075
3034
1306
3021
2158
3252
1674
2297
3012
1018
1541
2250
2647
1511
2872
2544
1698
1649
2391
3436
1132
1172
1063
3236
3452
1803
1599
2166
1234
2362
3417
3144
1072
1726
1716
1955
1687
1467
2247
3425
2580
1586
3445
2614
2494
2178
2907
2016
1739
2862
1355
3079
1352
1971
2070
2362
1591
1269
1328
1646
1305
1050
1360
1426
2219
2314
2185
1378
2099
1861
1238
1198
3231
1397
1945
1766
2711
2695
3344
2273
1654
2827
1880
1388
2326
2112
2512
2087
1633
1050
1682
1417
3167
1645
3386
2060
3440
2800
1870
1105
2808
3219
3076
1715
1548
2744
2712
1867
2012
1702
1949
2284
2794
1275
3422
1254
2727
3330
3381
1849
2042
1149
1423
1719
1208
1298
3309
3193
2822
1303
1238
1215
2811
3102
3143
2333
2092
2062
1633
1883
3036
3484
3037
2513
1325
2525
2391
3326
2797
2307
1484
1660
2699
3217
3059
2818
2319
1387
1511
1952
2115
1730
2243
2474
1268
1154
2921
1808
1165
2242
1453
1067
1588
1183
2841
2760
1943
1745
1622
1666
2041
1206
1737
2592
3053
3371
2182
2771
2216
3423
1974
3025
3362
3073
3367
1755
1449
3272
3273
1064
1232
2503
2518
3163
2645
1064
3493
2879
2842
1806
2451
1220
2310
2187
1059
1578
3266
2267
1551
3118
1025
1760
1628
1288
2832
3302
1669
3350
2772
1650
1845
1771
1897
2325
2300
2958
2080
2459
2094
3302
3405
2043
1908
1791
3228
1282
2119
1423
1424
1325
1710
2444
2622
2194
1138
2193
3408
1323
2986
3358
3113
1157
2974
3412
1074
2750
2066
1617
2551
2870
1474
1634
2438
3274
2297
1607
3407
3100
1948
2427
1296
1990
3350
2111
1094
2713
3049
2145
2838
3126
3465
1129
2614
3187
3210
3123
1496
2592
1060
1439
1565
2811
2480
1970
2764
3061
1069
1291
3494
3369
1220
1137
1524
1219
1287
1382
2908
2960
2985
2834
2689
1258
2267
2601
1764
3144
2261
3437
2136
2468
2450
2466
1612
2805
3347
1836
3310
3271
1771
1493
2274
2471
2123
1003
1088
1540
1087
1111
1859
2891
1798
3477
2059
2019
2329
2428
1057
3472
3477
2950
2184
1093
3155
2159
1518
1504
3259
1533
3006
1317
2862
2689
1158
2224
3023
1630
1142
1844
3219
2744
3360
2090
1693
3219
3182
2603
3352
3323
3255
1140
3487
3281
1824
2448
1895
2011
1792
1384
2958
1082
2294
1695
1013
1843
3214
1526
1482
2101
2010
2533
1319
1863
2651
2914
2213
1841
1247
2081
1114
2709
3468
3091
2411
1073
3055
1766
3413
3371
1936
1631
2750
1291
2052
1818
2056
2907
1262
1187
2617
1866
3109
1720
3042
3036
1416
2665
2636
1011
3328
3413
2007
2385
2553
1206
1113
1655
3409
1651
3361
1863
3265
2580
1443
3035
1574
1755
2160
1889
1157
1088
3316
2344
2824
1263
2012
2680
1777
1541
2161
3019
1146
3497
1303
3123
1761
1654
2318
1643
1289
1315
2372
1429
3459
2279
1999
2049
1220
3421
2995
1223
2800
1226
3377
2190
1563
1863
1402
2764
1317
1543
2945
2776
1334
3196
2011
2614
2728
2865
1752
1555
3376
2566
2547
3140
2944
2888
2096
1814
1927
1642
1342
1249
1591
2657
1029
3040
3309
3487
2874
1574
3130
2089
2329
1415
1640
2248
3496
3265
1285
3083
2334
1044
1730
2198
1398
2925
2266
2281
2380
3172
2893
3318
1790
1032
1583
2072
3160
2335
2657
3416
1588
1384
2922
1734
2968
1499
3003
2833
3237
2755
2492
1026
1007
1608
3051
2053
1566
1051
2350
2028
2211
2488
2078
2417
2833
1811
1867
2488
1483
1130
2776
1414
2989
1328
2674
1770
3020
1589
1968
1606
2697
1829
1631
2337
3072
1416
1642
1339
3068
2963
2739
1126
2170
2479
1147
1733
2400
3112
1114
1512
1741
3293
3023
1033
3459
3421
3162
3227
1456
2399
3336
1545
1109
2721
2339
2197
2723
2255
2412
2187
3261
1017
2247
1685
2196
1818
3169
1323
2885
3451
3005
3176
1774
2063
2395
2702
3279
3143
2990
2313
2413
2350
1589
2478
3320
2073
1353
3084
1716
1727
2746
2162
3249
3336
2139
2826
1602
2456
2108
1056
1659
1001
2326
2417
1970
3165
1348
2032
1518
3085
2821
3463
3226
1845
3009
1389
3430
3095
2194
2147
2112
2613
1183
1516
1135
1429
3096
1979
3227
2818
1421
2032
2934
1029
2073
3343
1003
1541
1369
1596
2369
2863
2141
1958
1578
1841
1421
2427
2505
1138
3368
3004
1477
3284
1965
2195
3252
1704
1197
1865
2983
1280
3149
3434
1960
1564
1779
2881
2889
1390
2682
3463
3105
1899
1994
2587
1904
2599
1666
1903
1462
3421
2279
2129
1199
3319
2456
1540
2443
1937
1407
2721
2192
3433
2152
1063
2750
2587
2377
3394
1445
2382
2778
1041
3232
2045
2290
3445
2360
2036
2979
2738
1960
1179
2611
3352
2257
3033
2031
1167
1260
3448
1132
3069
1252
2627
3083
1618
3401
1732
1886
2165
1327
2807
2700
1390
2949
1355
1839
1508
1523
2056
1813
3197
1783
2086
1695
3475
3045
3170
1594
2739
1408
1920
2006
3025
2904
2979
2534
1334
2048
1716
3390
3426
2127
1252
3274
2251
3492
2545
2110
1476
2337
2795
1058
3425
1649
1111
1100
1582
3107
3500
2483
2546
3097
2006
3165
2731
1881
2281
1498
1408
2474
3062
3320
3059
2761
1038
3064
1951
1719
1158
2855
2280
2187
2300
2616
2944
1790
3296
2364
1664
1814
2724
3066
1575
3118
3038
3277
1647
3001
1620
3338
1668
3047
3044
2179
3038
2257
2538
1123
2674
3274
2810
1935
2686
3152
3456
2038
2533
2529
3351
1746
2629
1931
2822
1579
1106
3322
1763
1899
1593
3471
2366
1590
1995
3334
1911
2899
1532
1372
1284
1164
2194
3461
2430
1832
2392
3165
2134
1781
2493
2754
3363
1788
3074
1418
1478
2962
1647
3380
3178
1704
2910
1455
3314
3208
2020
3007
3318
2361
1743
1397
1254
1151
2650
3452
2678
1196
1431
2951
2999
1699
1321
1598
1907
1818
2656
1531
3297
2260
1306
1552
1953
1013
2194
3095
3022
1536
2132
3086
2957
1829
1341
1394
3237
1396
1957
1351
1715
1601
1382
2297
3443
3282
1370
2019
2322
2478
3455
2778
1473
2511
1614
1375
1602
2984
3082
1441
1999
3006
1969
2685
2595
1187
3042
2058
2901
3135
2446
1341
1671
2399
2481
1131
2031
3320
2849
2016
1353
3445
1786
1262
3110
3049
1103
3284
2966
1688
2212
2709
3386
3328
1217
3102
2141
2449
3452
3432
1827
1117
2718
3287
3482
1831
2164
1629
3323
1648
1279
1254
2688
2600
2474
2692
2679
2248
2206
2592
2503
2860
1552
2670
1941
2806
3317
3090
1312
1436
2814
1888
2016
1451
3227
1197
1076
3051
2733
1496
3308
2652
1978
1499
3212
3491
2678
1391
1160
1060
1260
2260
1320
1467
3253
3419
1630
2751
2536
1105
3020
1039
2761
2421
1135
3423
3155
2595
2087
3113
2372
1084
1270
3030
3211
2711
3164
2443
1641
1078
1856
3075
1013
1166
1148
1246
2766
2362
2970
1817
2805
2418
1086
2720
1778
2043
1794
3097
1441
2462
2952
2139
3006
3335
1105
3199
2789
2847
3152
1718
2929
3457
1181
1195
3488
1067
1763
2896
1106
3373
2661
3457
1549
2589
2280
2746
1893
2662
1748
1095
1222
3110
1669
1748
2417
3333
3058
3273
1736
2951
1597
2931
2229
3245
1970
2337
2934
1009
1850
2398
1803
1970
3328
3415
3017
1420
2797
2615
1968
2296
1901
2298
3393
1548
1721
1685
2328
1317
1331
2032
1348
2544
2037
1085
3350
2893
2318
3156
3407
1487
3277
2900
1845
3490
1861
3367
2157
1592
3489
2195
2575
3327
2485
1371
3118
2225
2385
1578
1626
2409
2369
1460
2675
1615
1522
1870
3293
1058
2780
3153
3262
2212
1154
3164
1856
1008
1108
1698
2306
3118
2445
3434
1248
2897
1332
1194
2969
2018
2129
1377
3332
3144
1895
3014
3340
2876
1466
2861
3245
1616
2053
1444
2575
1928
1002
1300
3170
3007
3371
2945
1517
2885
2335
2287
1799
2329
2785
2552
2323
1119
1958
2128
1512
2202
3274
1463
1758
1694
2348
3185
2556
1877
1005
2556
1509
2625
1815
3093
2872
2162
3421
2655
1539
1382
1838
3196
1365
2320
1495
2237
2774
1345
1082
1555
1826
1629
1089
2996
1565
2201
2261
2236
2975
2298
2952
2202
2419
3468
1419
1985
2241
2613
2915
2239
2715
1763
3017
2665
3021
1929
1103
3012
2339
1667
2202
2509
1440
3136
1581
3339
1806
2599
3285
2753
2330
1899
2627
1704
3419
2599
1568
2324
1018
1558
3189
3265
1395
2216
3260
1175
2474
1688
2071
1588
2472
2076
1028
1075
2569
2485
2211
2505
1553
1842
1728
1489
1064
1247
2599
3473
1749
2990
2311
3298
1718
1135
3456
2833
3356
1752
1842
3217
3110
1926
1414
3293
3307
1890
2185
2513
2094
1081
1135
2184
2011
1373
1118
1196
3262
1268
1797
2620
1167
1997
2115
1371
2162
1345
2403
2024
2206
2403
3400
3026
2993
3402
3007
1857
1520
1232
2523
3338
3003
1549
1036
1053
2833
1819
2380
1589
2645
1669
1727
2902
2456
2830
3142
3172
3154
3356
1580
2156
2797
1763
1102
3446
1366
3475
1305
2864
1745
2438
1565
2192
1603
3081
2900
2447
2205
3458
2635
1784
2701
2554
1709
1866
2383
1697
2040
1622
3358
2684
3421
1552
2662
3190
2748
1698
2290
1334
2641
1254
3290
1510
2151
3381
1687
3132
1122
2419
2865
2880
2201
3189
1813
3285
1511
2264
1771
2036
1598
2204
1724
2270
2663
3224
1960
2597
3252
2217
1012
2532
1943
1223
2801
2174
2489
2711
2370
2858
3439
1518
1601
3171
1582
3272
1820
3304
1302
2277
1079
2382
2733
3434
1681
2957
1610
1087
1119
2597
2264
1473
1110
1927
1792
2884
2867
2875
3309
1047
3305
2389
1584
2327
2044
2995
1381
2038
3265
1618
2300
2274
3470
1970
1048
2245
1498
2579
3343
1957
2889
1669
1616
1050
2725
3128
2522
1136
3265
1165
2147
2045
1826
1366
2299
3482
1705
1690
1299
1039
1768
1740
3071
1756
1289
3351
1633
1369
3258
2337
2160
1879
2165
2998
2228
2103
1569
3452
1245
2568
1485
2707
2808
3258
3227
2929
3172
2648
2754
1834
2433
1960
3378
2806
2415
1595
3012
2576
2038
1066
2054
3379
2263
2676
2233
3093
2402
2346
1826
2278
1854
1074
1828
2321
1107
3298
1272
3224
2077
2317
1444
2964
1382
3143
1457
2451
2226
2361
2592
2434
1283
3100
2965
2702
3298
3284
1750
3145
1930
3423
2996
1885
1441
3001
3012
3019
1715
1535
1616
3014
2547
1952
1063
2578
1372
2633
2348
1248
1336
1281
2077
2808
1362
1350
2544
2965
2328
1173
2323
3188
2276
3375
3074
3314
2673
1796
2132
1302
2998
1715
1676
3253
2434
1323
1105
2219
1956
2931
2998
2990
3132
2315
3213
2696
2669
2695
3331
3453
1552
1861
3379
3148
3216
3081
3159
3022
1096
3067
2931
2775
1483
1766
2024
1919
3002
2505
3306
2315
1986
1575
2392
1615
2298
3080
3191
3302
2957
1076
3398
2885
1599
1754
1677
2220
2722
1992
2605
1343
3006
3387
1825
3386
1130
2748
1612
1973
1215
3183
1066
1502
2814
2022
2741
2950
1128
2108
3237
3049
2749
2702
1343
1927
2619
1679
2353
1436
3017
1956
1943
2843
2936
1842
2528
1640
2974
3121
2452
2674
2536
3118
3104
1658
1492
2509
2000
2756
2619
3326
2930
1386
2191
2860
1664
3366
2601
2880
2729
3093
2856
2976
2374
2930
1847
1751
3484
2713
3391
1318
3349
2009
3353
2696
1510
1171
1744
2003
3390
2622
1165
1699
2523
1623
1526
3166
1528
3427
3310
2290
1434
1202
1125
1079
1309
3327
1234
2801
1329
2751
2847
2086
3126
1887
2834
2657
2604
2738
1604
2275
2456
3491
1788
1645
2986
1523
1679
2891
1382
3341
2504
1543
2054
3476
2722
3439
1279
1319
1859
1256
2221
2309
1167
1824
1347
3061
1031
1186
3473
2806
2901
2319
2681
1647
1224
1305
1801
3340
2784
1161
3449
1389
2262
3088
3061
2398
1423
2225
1323
3140
2165
2748
2987
3330
1037
2166
3347
2981
1878
1954
1611
3372
1974
1563
2989
3356
2328
1361
2925
2025
1514
1139
3147
1067
2599
1770
1807
2014
2144
2782
2092
2567
1468
2661
1272
1530
2052
1239
2237
2015
2332
3211
1428
2846
1124
2917
1889
2541
1860
1715
2497
1050
3486
1175
3488
3004
1916
1616
1961
1503
2808
2052
1142
2482
2590
2653
1930
2198
1929
1434
1936
2830
2033
1372
2225
2275
1981
1996
2017
2620
1699
1611
2200
3185
1492
1884
3196
1343
1198
1761
1621
2392
2127
1708
3390
2256
2436
1028
1492
1583
2736
2964
1493
3372
1551
3489
3058
1796
1348
1743
2921
3416
2612
2468
1149
1611
2435
2979
1308
3374
3099
3154
2801
2743
3229
1837
3077
1365
1395
1270
2532
3048
2959
3074
2944
2516
1313
3412
2505
1686
2829
3071
1984
1197
2637
3050
1745
2015
1834
1209
3181
2618
2153
1273
2851
3278
1060
3234
3340
3345
1556
3269
1980
1978
1804
2808
1524
1338
1095
1774
3088
1157
2605
3361
2082
1865
1531
3036
1326
2793
2781
1386
2509
2072
2611
3055
2272
1491
1618
2283
2016
3198
1575
3122
1764
1471
3493
3485
1931
3358
1200
1403
2341
1081
1959
3187
1725
2116
1078
2349
2612
1333
3384
2458
1079
3331
1052
2163
1066
2193
2897
1574
2297
3439
1473
1263
2481
1926
2179
2498
2427
1737
1130
2809
2800
3020
1317
1780
1335
3239
3139
2971
2122
2478
1617
3357
3125
2948
1279
2613
2105
2835
2100
1978
2555
1545
3374
2026
3317
1057
3332
2224
1534
2158
2766
2264
2347
1246
1202
2883
3253
2333
2404
1897
2395
3094
2612
1308
2505
1668
2392
2367
1328
2897
3176
1273
2726
2347
1393
2117
1678
3244
2449
1155
2007
1337
2447
3250
2078
1613
1957
2920
1378
1832
3208
2455
1746
2405
1837
3057
2621
1277
3168
1680
2840
1579
1648
2189
1604
1862
2502
3097
1126
2054
3166
2391
2212
2545
2173
2406
1067
2321
2144
2096
1186
2441
1171
2710
2543
1013
1223
3220
2599
2244
1617
1105
2997
3199
1291
2201
2693
1455
2806
3433
2421
2837
1291
1111
1950
1153
2170
3348
3115
2121
2354
2423
1486
1322
2647
3348
2747
2235
1433
1112
1613
3136
3386
1404
1887
2479
2285
2268
2025
3028
1795
2150
2893
1393
2823
1327
2079
1404
2243
3464
2821
1228
2771
1315
1296
1830
2909
1341
2079
3168
1551
1679
1637
1567
1803
2818
3298
3455
1239
1584
3483
3290
2329
3043
3253
2093
2310
3072
1022
3480
2829
3333
1689
1224
2408
3097
2856
1690
3402
1321
2680
1349
1939
1581
1834
1801
2236
1246
1365
1012
1709
2104
2499
1099
1799
1821
2643
1115
2195
3490
2534
3360
2825
1139
2553
2129
1203
2749
3030
3373
1914
1741
1102
3032
2516
3190
1729
3100
1784
2504
2459
1241
2509
3458
2992
3066
2428
1520
2914
1155
3464
1844
2413
2050
1263
1437
1060
1447
1178
2683
2854
2560
2086
1905
1102
2329
3031
3019
2007
1828
2451
3086
2067
3274
2520
1832
1174
2371
3239
1192
1384
3321
3461
3209
2501
1955
2401
3233
3496
3017
1061
1013
3303
1556
3343
2381
1965
2513
1564
1707
2956
3321
2137
1075
3492
1735
1317
2765
1284
2205
1188
3184
1494
2636
3133
2721
1642
1306
3109
2559
3240
3329
1855
2923
2541
2062
1055
1650
2036
2172
3090
1478
2703
2168
3089
3039
1287
2299
2905
1486
1181
2153
1967
3176
1272
2025
2175
2444
3409
1687
2837
2683
1661
2744
2512
3327
1931
2123
2462
2752
1495
3187
2813
2910
2744
3171
3067
3400
2086
3101
1923
1421
1563
2530
1092
3182
2970
3070
2154
2067
3184
2595
2382
1962
2419
2907
3123
1909
3222
2694
2385
3485
2481
3020
3264
1954
2348
3483
2938
2167
1331
1931
1640
2552
2675
1441
1527
2334
2754
2980
2971
3356
2751
3306
3069
3432
2977
1089
1555
1179
2345
3008
1703
3419
1735
2414
2889
2433
1963
2984
2290
3350
3487
1716
2904
2302
1137
1457
3480
1390
1407
2091
3318
1319
1958
1703
1456
2616
2800
1683
2223
1282
2959
2501
2655
2240
1646
2242
2676
3139
1689
2460
3475
1423
2659
2683
1894
3429
3467
2700
2295
2831
2979
2308
2562
3263
2865
2062
2308
3104
1224
1085
3098
1727
2544
3005
2804
3308
2596
1872
2160
2652
1047
3179
2225
2605
1422
3288
1424
1029
2564
2291
2234
3440
2927
1904
1848
3082
2618
1905
2050
1171
1412
3191
3030
2636
2978
1952
1449
2071
1469
1992
1961
1441
2952
1734
2682
2264
1629
2511
3251
2395
2541
3311
3319
1171
2956
2556
1073
2253
2057
1779
1283
3225
2874
2011
3085
2939
3053
2436
2531
3131
2277
3131
1775
2037
2210
2920
2081
3183
1536
2967
2236
2040
1270
1015
3072
1534
3162
3301
3022
1562
1466
1650
1528
1754
2164
2616
1148
1135
1383
2184
1400
1260
1170
1278
3429
1481
1736
1263
1792
2498
3236
2688
3232
1763
1473
2041
1389
1559
2814
1561
1732
3022
1625
2321
2513
3347
3442
2930
1736
2455
1169
1080
3173
2617
1569
1546
1882
2445
1977
2145
1259
2476
1229
3016
1041
1214
2918
3427
2442
3491
3046
1827
1868
2855
2460
2998
3479
2491
2067
1713
3020
1109
3184
2216
1092
3098
1900
3106
1979
1835
2184
3068
2216
1549
2621
2642
2830
2778
2689
2971
1361
3438
1910
2716
1932
2262
1118
1461
1776
2510
2543
1601
2878
1345
2686
2794
2105
2692
2839
2895
2366
1087
1771
2209
1758
1532
3459
2005
2578
2122
2495
2740
1110
2253
2870
3349
2812
2021
2277
1020
2375
2502
1495
3385
3022
1212
1352
1907
1004
2698
1162
2407
2896
1315
2604
1578
1766
3040
2452
1866
2966
1389
2412
3473
2700
1440
1171
2755
1849
3414
1234
2024
1088
2960
1630
2771
3302
2406
2494
3186
1312
1465
1686
2586
1906
2976
1149
1458
3235
3433
1937
2219
2005
1827
1566
1015
1822
2744
1363
1045
2439
2568
2150
2656
2027
3490
1721
1804
2521
1265
1080
2980
1246
3098
2591
1672
1716
2039
1497
1996
3448
3413
2304
3083
2362
3321
2245
2072
3253
1593
1624
3083
2932
1918
3347
3008
2324
1446
1451
1411
2905
1650
2355
2116
3439
2850
1353
3321
1605
3074
2021
1057
3038
3252
2565
2821
2479
1198
2589
2053
3321
1644
2877
2489
2198
3475
3431
1326
1908
1851
1353
1495
3465
2785
2149
3186
2824
2140
2025
3352
1897
1380
2051
1962
1820
1966
2220
3059
1527
1791
1661
2129
2519
2731
1450
2766
1835
1114
1019
2283
2753
2985
1944
1742
1799
1417
2810
1406
1391
2221
3305
3137
1032
3040
1567
3352
2522
2888
3390
1781
1876
1867
1606
3258
1461
1576
2314
2059
1831
1148
1945
2261
1931
2608
1485
2545
2711
3341
2643
1489
1226
1819
1914
1207
3160
1259
1797
2777
1385
1209
1137
1387
3226
1396
3337
3233
2430
2133
3205
3012
2371
1573
2865
1926
1325
2558
1642
1393
2154
1205
1415
3358
2352
3106
2972
2956
2249
3148
2650
2692
2219
1496
3087
2939
2479
2135
1370
3297
1986
2461
1726
1763
2773
3088
1205
1796
2368
2757
2951
1909
3444
3278
2464
1465
2885
1952
2805
3319
1063
1769
1788
1607
2118
2928
1078
2498
1831
3124
3038
1605
2029
3402
3262
1270
2684
3358
2992
1000
2090
2541
2035
2805
1193
3346
1923
2751
2849
1561
2521
2877
2073
1005
1525
3231
2296
1125
3198
1618
2378
1895
2629
2670
2957
1867
3204
1693
3158
3135
2559
3233
3003
2556
2224
1111
1581
1087
2164
2844
2905
2502
1923
1375
1450
2135
2597
2307
1974
2245
3282
2203
1542
2289
2877
2757
2843
2700
1370
2240
1089
1809
1281
2169
2872
3048
1285
1759
3089
2256
2412
2418
2658
2809
2256
1890
1301
2460
2858
2110
2957
2094
1331
1933
1959
1950
2589
3462
1472
1862
2920
3225
1515
2576
1281
1418
1117
1303
3199
3061
2327
3293
1860
1566
3320
2182
2903
1240
1080
1192
1712
2500
1185
3196
1700
2267
2304
1821
1553
3442
2915
1759
3085
1479
1732
1324
1892
2034
1801
2811
2952
1084
1431
2136
3383
2873
1411
3463
3289
2628
1687
1252
2653
1705
1956
2330
1450
2455
3476
1287
1691
1488
2442
2971
1449
3373
3280
2757
1724
2108
3253
2126
2548
2165
2011
1439
2802
2468
1831
3278
1321
1066
3045
1936
3365
1818
2008
3430
3415
1607
1200
2313
2236
3247
1010
1751
1732
1360
1475
3494
2891
1281
2535
2296
3186
2299
3483
2026
2923
2432
1047
1144
3022
1904
3197
1935
1205
1724
2130
3396
1017
2883
1751
1688
1602
2740
3437
3450
1113
3074
3363
1494
3428
3288
2076
2865
2937
3023
2192
2638
2388
1082
1821
1807
1395
3164
1951
2024
3261
3252
1064
3340
1215
3052
1345
2079
2330
2587
1477
2131
3499
1711
2131
1823
2671
2136
2753
1762
2877
2899
2547
1605
2759
1059
2378
1316
2390
3162
1754
3371
2090
1334
1102
3175
1653
3108
1623
1684
1935
2673
1056
1734
3028
2707
2992
1782
2354
3094
3339
2595
3301
1110
3073
3098
1188
1482
1925
2432
1006
1851
1270
2728
3459
3297
3035
1451
3330
2494
2053
1584
2881
3336
1496
2540
2814
2496
2618
3391
1009
2716
3211
1161
2384
2857
2818
1577
2482
1194
2721
2896
1188
2216
2142
2241
2378
2121
2044
3153
1270
1633
1708
2941
1888
2012
2568
2508
1098
3401
2248
2254
2448
2554
1303
2273
1248
2011
1738
1769
2270
2409
2615
1615
3025
2106
1811
2202
1281
2104
2370
2826
2036
2956
1791
2640
3161
1431
1381
1111
3283
1324
2034
1194
3079
3167
1118
1780
2129
1780
2778
2483
2368
2684
2326
2718
2172
2498
1973
3459
2129
2886
1764
1050
1446
1223
2041
1444
3087
2739
1443
2613
2976
3385
3419
2708
2795
1604
1616
1793
2555
1699
3085
2471
3441
1339
2514
3455
2187
2542
1396
1363
3166
2866
2470
1339
2850
1842
1609
2066
1986
1513
1945
2663
3137
1132
1622
2016
2968
2917
2501
1721
2253
3000
2869
2518
2758
1565
1132
1016
1313
2928
3413
2187
3303
3238
1159
3266
1256
1137
2750
2763
1777
3203
2099
2832
3333
2191
2784
1922
2645
2169
2207
3418
2391
1445
3147
1149
1870
2115
1043
3181
1300
2102
2668
2521
2937
2051
2496
2301
2153
1407
2212
2532
2820
1887
2171
2880
1651
3437
1054
1763
2573
3155
2396
2085
2402
3024
2134
2455
1668
1022
1076
3240
3406
2511
1671
2001
3076
1219
2492
2562
2865
3185
1383
2276
2857
1748
1364
2206
2609
3075
1368
2035
3064
2268
2478
3394
2692
2215
2519
3168
2039
2177
1955
2818
2749
2094
2808
3308
2470
1682
2333
1624
1699
2264
2772
2833
2275
2358
2822
3241
3437
1797
1143
3290
2145
1879
2621
3292
1497
1505
3432
2961
2134
1812
2862
1314
1855
3113
2162
1963
3050
1216
1127
1645
1602
2052
3048
1438
2660
1527
2631
2865
1972
2307
2142
3394
2980
2038
1116
1537
1172
2362
2293
2179
2260
3391
2939
2305
3415
3033
2143
1499
2930
2287
1278
2893
2200
2799
2668
3440
2391
2689
2732
1183
1754
1121
1073
2604
3426
3209
2987
1290
2724
1683
2219
1397
2309
1909
2090
2590
1025
1709
2377
1430
1532
1140
1365
2604
2979
3426
2732
2342
2562
3412
2484
2238
1423
2039
2274
1601
2100
2443
1563
3147
3040
2467
2050
1354
2562
2653
2163
3163
2242
1383
1182
1894
1657
2310
3292
3394
2769
3049
3389
1278
1771
2844
1700
1413
3048
2245
2007
2505
1474
2428
3071
2652
3451
2771
1611
1025
2482
2069
2497
1456
1106
3151
2231
2704
1349
2667
3367
2596
2385
1917
2163
3368
2855
2975
1408
2072
1306
3210
2165
3489
1723
2693
2178
2961
2040
1109
1962
2443
1110
2196
3394
1453
1786
1935
2921
1423
2110
1570
2848
2786
2024
1977
1083
3172
1406
1193
1478
2565
2310
2016
1624
1982
1988
1000
1742
2329
2332
1518
2043
2041
1792
2825
1624
2882
1212
3209
2826
2778
3033
2028
1902
1038
1311
3424
3233
1393
1694
2257
1587
1031
1299
3381
3474
1934
2908
2023
3098
1373
3204
3178
1079
3267
3038
2601
1293
1354
2486
2804
1254
1264
2938
3496
1814
1910
3187
2034
1321
2414
3334
1507
1314
2641
2239
2469
3430
3137
2734
2792
3425
2563
2178
2915
1212
1060
1974
3230
2074
1788
1008
2783
3041
1035
1406
2375
3438
2351
2611
2964
1770
3439
1821
1863
1158
1298
2717
1251
1618
2186
2287
2906
1463
3073
1490
2053
1457
2064
2533
1343
2340
3025
2094
3198
3190
3266
2926
3217
2106
2035
2387
1150
2375
1919
2885
3088
2533
2604
2248
2694
2638
3006
3256
3369
1049
1241
3296
1411
1747
1695
3340
2952
2368
2954
1851
2073
2423
2571
2331
2659
2039
2332
3027
1491
3213
1244
2472
2688
1352
2779
2790
1799
3462
1638
2642
2035
1538
2355
1825
1712
1415
3421
2313
2759
1385
1333
1415
3269
2476
2241
3332
2387
3237
1432
1277
3420
2202
2954
1885
2072
2263
3238
2719
2832
1210
1443
2907
2230
1704
1116
3449
1135
2078
2427
3362
2968
3177
3080
1056
2474
2035
1158
2095
1768
1456
1514
2545
2431
3063
2463
1640
2969
3241
2113
1303
2870
1365
3428
2384
1229
3134
2209
2793
2938
1715
1530
2634
2968
2663
1608
3442
2505
1868
3350
2664
2484
2823
1742
1499
2775
2563
3133
1011
2316
1614
2867
2543
2951
1390
2000
1667
1296
3145
2440
3461
1683
1788
3422
1883
1215
2112
2467
2907
1923
1441
2907
1783
2192
2856
3018
1467
1503
2399
1311
1756
2856
2087
2837
2187
1525
3390
2494
2819
2185
1359
2726
3124
1059
1378
2524
3487
2318
2398
2190
2656
2770
1004
3457
2312
2669
1363
1823
1126
1125
2186
1739
2754
2996
2390
2500
1843
2483
2183
2459
3498
1907
3268
3209
2923
2556
2434
1419
1162
1761
2477
1479
1223
2197
3216
1951
2919
1794
1739
2513
3388
1285
2770
3476
1681
3270
1232
2818
3146
1985
2911
2310
3468
1001
2756
1070
2436
1847
2247
3299
3125
1231
1121
1929
2321
2727
3450
3487
2759
1688
2617
3347
1131
1654
2479
1012
1706
3383
3136
1578
1456
2232
1260
3458
1135
2393
3401
2635
3217
2676
2435
1863
3349
2727
3105
2781
1980
1575
1515
1623
2696
3294
1277
1475
2535
1781
2075
1142
3045
2225
3094
2195
3426
1079
3365
1102
1966
2993
1973
3236
1895
1446
1759
2072
3022
3120
3031
2858
1238
2684
1440
1881
2047
2868
1287
1136
1195
1783
2913
2995
1646
3194
2631
1911
2982
3229
3358
1877
1271
1658
1568
3335
1225
2427
1671
1606
1465
2436
1116
2531
3066
1124
1700
3249
1773
1573
1346
2466
2982
1209
2233
2184
1823
1078
3283
2641
3004
3104
1644
2515
2058
1604
1599
1370
2422
3003
1184
2509
3156
1304
3378
3300
3324
1538
3268
1321
1247
2912
3387
3080
1641
2440
2178
3339
2080
1048
3185
2002
2734
2759
2205
2133
1908
1431
3191
3379
1857
2700
3027
2406
1348
1868
3312
3311
3335
3421
2014
2610
2347
2889
3422
2760
2807
2656
1974
2607
1421
3400
2097
2093
1329
1115
2337
1924
1327
3408
2817
2771
3006
1163
2016
2858
1275
2496
1458
3392
1372
1800
1533
2252
2013
1194
1259
2992
3158
3103
2811
1517
2730
2168
3236
2358
2173
1641
1745
1236
3009
3010
3411
2276
2093
3126
1315
3373
2628
2640
1879
2290
2581
3391
3048
2431
3152
3199
2346
3309
1760
2955
3382
2818
1640
3163
2386
3072
1368
2057
2367
1794
2708
1995
2777
2052
3183
2616
3468
1733
2319
1374
2146
2314
2530
1062
2393
1231
2229
3027
2571
3286
3431
1733
3236
3315
2083
1156
2475
1802
3084
1862
1765
3182
2067
3185
1393
1047
1032
1883
2716
3242
3460
1911
3169
2352
2852
2766
2801
2526
2283
2773
1362
2521
2737
3103
3481
2411
1455
3277
1461
3489
1306
2594
1690
1596
1606
1165
3275
3411
2498
3412
1195
2635
1259
3253
2874
2790
2631
1429
3169
1659
1575
2869
3444
1160
1023
2440
2298
2806
3069
1396
2124
1340
1944
2167
1288
2807
3225
3089
1441
1325
1580
1500
1135
3097
1171
2226
1473
1459
2883
2741
2090
2909
1737
2334
3465
1484
2094
2530
3337
1129
1862
1629
3312
1778
1312
2144
1052
2760
1788
3138
3477
2958
3214
3402
2859
1421
2186
1858
2604
1921
3456
3391
2995
3063
1924
2513
2589
2820
3115
1943
2285
3160
1922
1108
1903
1091
2045
1623
3320
1421
3460
2834
3469
1027
2753
2211
1478
2824
2634
2335
3361
3057
1043
3322
2556
1344
2260
3055
1194
1520
2530
1490
1270
2880
2918
3180
2201
2724
2329
3316
1542
2739
3373
3229
1236
2397
2448
2309
2589
3080
1485
1107
2445
2287
1036
1218
1095
3133
1129
1022
3169
2028
1009
1707
1196
1869
2275
2616
2323
1676
3423
1625
3079
1449
3217
1499
1757
2313
2212
3417
1586
2468
1618
2079
2922
2551
2665
2099
3094
3249
2300
2839
1251
1643
1502
2896
2168
2069
3469
2055
1031
1307
1738
3380
2331
2890
2173
1640
1687
2335
3440
2624
1243
2190
2767
2505
1245
2690
1157
1277
2399
2836
1004
1217
2645
1271
1826
3095
2047
3234
3237
2882
2074
1606
1064
1391
3350
2098
3097
2433
2995
2862
3024
2485
2713
2217
2976
2857
1609
2122
1554
2918
1583
1180
2038
1067
3388
1140
1650
1134
2632
1790
2814
3134
3333
2573
1195
2943
1041
3413
1886
1043
1104
2396
2724
1286
2217
2196
2241
2175
2260
1294
3458
2103
2009
2169
3254
1762
1704
2556
3069
1600
1217
2660
1612
3046
2800
2832
2418
2338
1421
1634
2978
1103
2807
2990
2318
1432
1599
1671
1883
1033
3392
3440
1360
2368
2738
1902
2367
2031
2693
1206
1105
3329
2063
1946
3136
3280
1120
1429
2929
2137
3490
2601
1921
2504
1461
2596
2822
1377
1561
2195
3375
1973
2229
2182
2804
1949
2809
2566
2704
1533
3432
2436
3494
2511
1184
1683
3454
2430
3376
1127
3336
3389
1108
3064
2763
1930
2999
2205
2084
2277
1762
2236
2455
2613
3000
2295
1232
1700
1066
1085
3410
3390
2241
2248
1763
3076
1075
3322
2258
1052
2164
3105
3439
1918
3040
1036
3290
2249
1043
2341
2889
2851
2000
2191
1091
1638
1709
1665
2079
3413
1491
2072
1757
1489
3177
3163
2010
2596
3190
1538
2456
3294
1882
